1250
145 387
306 304
295 182
240 395
477 42
144 278
220 8
17 94
209 264
477 307
239 286
9 355
244 77
370 73
268 61
39 238
113 389
153 196
302 59
478 401
219 61
395 223
387 139
467 19
224 112
406 152
411 496
98 157
210 298
296 487
110 131
78 444
467 405
131 419
464 336
38 493
230 434
91 239
55 316
87 385
128 386
126 196
390 242
490 100
144 366
84 92
52 368
387 358
433 361
394 24
372 351
236 341
237 306
281 492
48 290
384 325
470 248
52 260
13 189
347 443
72 238
49 371
410 233
257 140
228 342
217 449
238 163
222 298
76 64
198 206
481 149
9 276
102 467
17 136
362 170
375 374
107 65
202 73
472 199
56 220
31 47
305 143
47 27
496 268
456 460
353 484
382 102
271 271
100 389
12 47
89 230
270 427
194 59
304 196
261 463
323 29
96 432
423 232
348 238
207 119
28 233
140 65
69 270
213 400
153 120
293 14
90 329
182 448
219 70
248 393
453 273
285 280
143 196
284 437
115 250
62 244
479 38
29 67
123 339
138 10
341 454
223 53
448 400
119 346
427 233
130 392
17 335
327 411
210 500
194 412
310 443
122 392
47 69
474 322
373 10
44 445
200 433
132 149
372 167
330 399
267 495
363 203
415 213
393 347
174 43
354 239
430 494
217 121
218 49
338 2
370 363
337 186
43 233
484 61
389 89
434 240
23 111
153 486
483 361
96 101
297 91
444 24
125 15
478 282
282 456
148 376
180 216
294 201
32 201
275 453
80 357
16 458
64 269
447 7
57 495
226 44
423 323
47 301
214 478
482 414
274 56
305 309
400 52
211 36
7 386
181 422
254 263
146 172
373 363
425 410
258 233
428 415
153 296
148 101
393 314
274 442
477 276
215 127
319 364
243 225
63 380
11 369
320 41
36 138
156 54
313 303
200 246
185 117
255 298
120 253
316 48
111 433
465 27
120 109
473 376
146 18
395 313
96 431
344 267
282 292
220 88
401 249
363 402
450 141
181 245
57 475
488 253
414 75
143 398
115 416
459 226
153 299
186 216
9 291
484 404
465 125
241 268
324 122
267 262
496 234
416 241
183 39
153 276
81 27
6 262
97 380
105 241
464 439
202 173
307 311
118 295
349 48
433 307
102 207
401 360
431 382
182 172
107 407
5 130
406 65
355 365
52 327
359 335
101 219
10 366
357 181
114 423
36 95
285 161
402 417
114 279
146 348
413 203
307 301
441 157
242 442
22 438
477 344
80 150
306 53
328 486
448 402
2 352
415 261
39 239
217 133
177 60
109 191
207 497
140 178
474 432
497 7
172 210
467 393
431 470
195 379
314 150
101 451
457 235
236 352
286 209
186 271
97 193
467 141
10 45
275 465
155 320
55 461
365 129
182 273
231 49
369 99
408 356
106 134
79 37
29 445
377 368
426 117
365 250
368 32
2 54
235 405
279 448
100 217
297 93
248 316
346 250
427 58
324 82
128 256
106 88
413 425
200 52
180 339
499 464
441 114
413 281
149 351
479 226
232 205
105 21
124 34
424 146
59 399
306 10
35 77
486 363
124 276
354 329
484 295
421 355
148 80
31 169
176 444
351 296
183 74
430 31
369 164
2 407
79 102
358 191
384 329
498 314
457 313
139 232
188 45
266 458
474 258
278 203
402 498
182 315
271 164
72 363
477 3
308 82
449 21
22 362
59 366
342 80
345 85
234 483
392 431
413 225
446 173
249 382
110 187
100 439
139 101
212 91
182 328
321 263
184 145
399 182
325 4
41 245
465 127
127 248
40 365
273 487
227 191
120 101
112 246
352 78
6 493
245 137
337 220
135 85
118 441
275 16
440 312
73 375
147 324
166 194
371 334
438 244
454 368
183 139
45 434
5 361
281 152
204 463
171 57
142 259
343 249
299 471
141 34
284 428
261 444
436 296
1 404
32 248
313 118
56 312
346 151
351 495
249 218
396 8
398 426
84 7
209 267
265 427
124 79
483 277
341 422
38 12
63 185
35 86
460 6
187 485
194 380
69 385
280 196
346 370
252 97
48 447
128 147
440 413
361 269
433 145
135 451
129 148
85 221
279 172
433 230
95 500
329 438
160 480
348 451
56 279
76 257
20 362
395 239
400 354
319 100
167 417
429 237
63 296
386 46
35 462
498 372
75 126
21 420
235 263
198 52
252 437
47 184
389 299
72 97
313 160
116 140
289 211
295 142
88 78
276 170
428 118
334 111
364 362
5 429
37 498
217 465
341 6
219 129
384 462
406 135
99 329
223 400
346 62
317 264
111 280
366 161
198 55
164 62
102 87
416 134
340 404
468 410
38 188
2 494
163 219
129 455
73 145
381 261
63 397
173 268
484 130
391 347
472 421
239 478
454 403
181 357
139 476
389 279
477 126
61 184
160 306
362 261
383 55
151 486
236 301
231 335
329 349
244 390
169 396
475 439
311 336
141 419
475 295
22 89
407 425
86 339
260 226
273 345
132 306
43 4
361 170
143 356
181 239
290 411
116 460
61 295
437 57
419 497
445 406
312 142
266 175
182 441
15 413
293 128
226 224
225 115
35 134
424 324
186 452
352 335
364 309
4 3
467 142
366 239
72 21
416 356
178 304
351 232
179 385
46 270
110 25
214 491
67 329
334 35
305 237
230 472
197 29
439 57
191 480
129 425
404 215
151 443
56 291
247 8
498 407
269 255
39 387
480 475
486 289
472 391
83 21
336 466
210 61
295 141
365 385
177 185
238 201
438 226
95 381
418 397
28 62
414 363
378 440
431 186
303 37
26 137
138 235
222 457
259 116
311 126
329 31
14 284
206 490
93 204
470 11
31 229
258 357
401 442
382 163
493 381
72 387
5 68
265 373
175 336
347 219
344 293
51 40
163 218
234 278
361 382
268 154
65 469
414 245
386 146
231 272
486 233
361 238
352 269
257 37
327 361
229 320
196 143
160 449
72 485
499 409
388 169
9 438
192 150
446 295
286 422
130 296
219 144
110 237
437 452
232 428
278 315
44 493
219 494
10 500
183 428
477 380
429 340
287 256
188 255
309 136
496 142
359 482
320 145
203 234
124 90
402 443
96 28
465 419
134 256
293 163
57 72
12 415
441 412
206 280
221 445
327 426
279 386
379 473
207 101
4 38
157 280
26 205
234 91
53 79
280 207
30 175
479 187
366 130
273 167
270 278
434 157
483 278
220 313
32 491
467 190
324 141
55 245
185 440
172 92
350 135
159 424
198 266
379 427
448 32
136 440
332 86
15 150
304 24
388 283
327 7
299 174
187 378
235 189
292 171
318 309
464 134
195 238
320 498
433 146
240 245
152 132
177 305
177 76
75 294
295 68
25 293
5 234
344 194
214 493
159 414
313 243
247 154
53 23
50 363
284 301
55 441
227 404
25 306
462 199
58 344
136 34
306 445
414 244
171 257
443 307
416 24
225 493
45 117
24 94
282 209
27 248
274 205
54 58
73 71
112 328
123 337
101 398
193 401
12 97
361 250
305 435
218 201
290 455
21 38
5 322
67 154
151 147
135 288
207 313
293 87
488 183
240 81
40 401
476 65
250 247
21 424
345 255
211 175
178 227
123 291
257 291
349 374
435 148
199 57
302 298
30 364
107 59
159 106
255 339
136 122
33 375
129 83
179 429
231 130
384 80
39 45
467 114
59 405
148 217
249 120
192 31
252 45
423 43
453 300
123 16
214 54
265 365
500 497
188 38
99 189
85 254
84 66
451 268
303 104
319 457
357 340
176 414
370 279
297 66
421 361
30 210
82 486
284 477
438 306
172 415
25 253
137 314
21 139
80 188
389 126
85 123
497 333
75 195
424 83
66 375
120 117
92 284
111 297
23 413
197 449
438 283
102 68
469 270
263 22
24 414
386 92
277 185
234 489
154 380
257 127
274 296
340 470
215 210
484 26
445 299
220 446
262 299
297 177
337 213
207 103
150 243
376 177
27 401
300 38
216 453
467 300
187 282
94 54
224 429
466 191
292 75
413 185
30 154
55 476
141 436
300 280
233 110
170 170
438 250
436 469
82 57
373 269
387 24
297 396
492 77
234 456
230 77
6 332
79 173
193 158
354 112
381 245
93 336
404 85
102 12
141 269
296 408
228 273
12 240
429 34
354 269
325 471
484 235
283 65
443 54
456 136
359 320
365 134
412 66
221 126
487 96
9 63
241 220
155 37
406 436
72 2
134 359
136 23
464 499
234 302
128 55
279 453
142 484
424 282
361 118
232 233
49 377
282 499
134 192
13 51
291 404
274 351
60 391
135 192
7 272
439 460
318 170
288 407
302 454
232 475
361 131
365 101
3 14
109 32
447 256
249 420
242 152
133 245
58 480
239 347
168 323
161 55
260 177
69 466
91 225
237 50
233 165
104 51
109 395
41 260
396 308
456 93
338 483
131 153
348 267
119 444
260 154
385 5
90 129
169 422
208 121
339 195
211 131
369 159
268 256
460 463
19 46
117 389
486 335
54 449
348 221
36 400
466 213
83 332
437 335
477 142
479 188
96 307
7 229
445 311
397 271
438 272
175 307
249 256
114 440
390 460
366 23
391 52
256 7
147 100
65 296
273 96
293 419
299 499
298 354
350 172
127 243
134 139
421 52
317 489
243 45
123 394
143 372
364 191
216 213
75 174
161 97
11 189
292 437
447 82
311 450
329 355
350 149
294 397
7 75
56 196
162 363
472 31
115 102
293 288
422 30
365 133
180 124
166 189
162 484
369 139
406 435
464 413
442 245
49 399
250 160
241 340
353 401
244 494
256 468
181 474
139 328
260 209
193 39
143 447
24 118
244 121
483 403
494 412
45 177
379 431
96 408
152 388
371 54
408 350
341 31
213 111
484 345
80 255
474 151
111 99
222 195
45 10
251 380
453 249
323 139
293 376
158 417
16 333
304 391
249 46
179 247
20 488
80 124
373 117
271 335
294 318
487 75
392 252
337 316
431 179
68 127
106 239
11 267
52 268
404 427
357 86
335 247
53 269
215 2
355 162
275 53
165 181
423 67
85 337
227 241
261 154
340 298
376 486
52 425
375 261
163 378
218 48
485 20
215 159
473 274
48 167
221 95
12 101
25 120
189 371
92 475
181 287
179 443
417 6
231 144
105 5
234 415
349 365
206 316
287 161
478 366
251 95
327 462
368 500
273 491
132 223
67 14
157 316
138 74
406 117
141 228
73 173
280 243
497 357
194 175
468 186
298 3
423 263
441 438
247 344
99 180
219 16
328 417
24 271
387 94
70 9
35 51
22 81
376 201
79 472
403 38
55 114
254 360
126 174
18 83
147 233
300 183
92 154
127 111
118 62
117 332
136 345
468 297
330 67
281 25
112 253
372 329
257 262
322 328
267 392
388 273
375 74
368 480
422 42
28 231
274 143
212 497
427 385
78 88
372 306
143 217
302 390
121 315
275 144
447 336
298 127
110 76
83 59
273 448
165 357
319 415
320 151
265 215
3 444
342 440
121 63
144 275
355 495
422 176
226 350
23 21
75 68
47 234
255 120
463 298
367 361
204 74
376 302
377 230
307 431
159 453
158 79
76 9
435 207
252 500
30 158
272 186
222 99
268 444
174 28
241 54
423 210
179 380
483 117
193 427