500 497
464 499
464 499
368 500
368 500

499 464
480 475
480 475
430 494
430 494
419 497
419 497
402 498
402 498
299 499
299 499
252 500
252 500

499 409
494 412
494 412
482 414
482 414
475 439
475 439
460 463
460 463
436 469
436 469
431 470
431 470
411 496
411 496
320 498
320 498
282 499
282 499
210 500
210 500

498 407
474 432
474 432
464 439
464 439
456 460
456 460
384 462
384 462
379 473
379 473
376 486
376 486
355 495
355 495
212 497
212 497
95 500
95 500

498 372
493 381
493 381
484 404
484 404
472 421
472 421
441 438
441 438
439 460
439 460
368 480
368 480
359 482
359 482
353 484
353 484
351 495
351 495
207 497
207 497
37 498
37 498
10 500
10 500

498 314
497 357
497 357
486 363
486 363
483 403
483 403
468 410
468 410
465 419
465 419
437 452
437 452
390 460
390 460
340 470
340 470
338 483
338 483
328 486
328 486
317 489
317 489
281 492
281 492
267 495
267 495

497 333
486 335
486 335
484 345
484 345
483 361
483 361
478 401
478 401
467 405
467 405
464 413
464 413
428 415
428 415
413 425
413 425
406 436
406 436
402 443
402 443
348 451
348 451
341 454
341 454
336 466
336 466
325 471
325 471
296 487
296 487
273 491
273 491
244 494
244 494
57 495
57 495

497 7
496 268
496 268
486 289
486 289
484 295
484 295
478 366
478 366
477 380
477 380
472 391
472 391
467 393
467 393
454 403
454 403
445 406
445 406
441 412
441 412
440 413
440 413
407 425
407 425
406 435
406 435
401 442
401 442
347 443
347 443
327 462
327 462
299 471
299 471
284 477
284 477
273 487
273 487
234 489
234 489
225 493
225 493
219 494
219 494

496 234
488 253
488 253
483 278
483 278
478 282
478 282
477 344
477 344
473 376
473 376
448 402
448 402
425 410
425 410
404 427
404 427
392 431
392 431
378 440
378 440
319 457
319 457
275 465
275 465
256 468
256 468
239 478
239 478
234 483
234 483
214 493
214 493
2 494
2 494

496 142
488 183
488 183
486 233
486 233
484 235
484 235
483 277
483 277
477 307
477 307
474 322
474 322
464 336
464 336
454 368
454 368
448 400
448 400
402 417
402 417
398 426
398 426
379 431
379 431
342 440
342 440
311 450
311 450
302 454
302 454
290 455
290 455
282 456
282 456
266 458
266 458
261 463
261 463
232 475
232 475
214 491
214 491
44 493
44 493

492 77
490 100
490 100
484 130
484 130
481 149
481 149
479 226
479 226
477 276
477 276
475 295
475 295
468 297
468 297
467 300
467 300
457 313
457 313
447 336
447 336
433 361
433 361
431 382
431 382
427 385
427 385
418 397
418 397
379 427
379 427
329 438
329 438
310 443
310 443
306 445
306 445
279 453
279 453
234 456
234 456
230 472
230 472
214 478
214 478
206 490
206 490
38 493
38 493

487 96
483 117
483 117
479 188
479 188
474 258
474 258
473 274
473 274
463 298
463 298
453 300
453 300
445 311
445 311
440 312
440 312
437 335
437 335
429 340
429 340
421 361
421 361
414 363
414 363
377 368
377 368
375 374
375 374
365 385
365 385
363 402
363 402
341 422
341 422
327 426
327 426
307 431
307 431
305 435
305 435
292 437
292 437
279 448
279 448
275 453
275 453
222 457
222 457
217 465
217 465
191 480
191 480
187 485
187 485
153 486
153 486
32 491
32 491
6 493
6 493

487 75
479 187
479 187
472 199
472 199
470 248
470 248
469 270
469 270
453 273
453 273
446 295
446 295
445 299
445 299
443 307
443 307
424 324
424 324
421 355
421 355
416 356
416 356
401 360
401 360
373 363
373 363
361 382
361 382
353 401
353 401
340 404
340 404
328 417
328 417
293 419
293 419
286 422
286 422
284 437
284 437
274 442
274 442
273 448
273 448
217 449
217 449
216 453
216 453
204 463
204 463
181 474
181 474
162 484
162 484
151 486
151 486
20 488
20 488

485 20
484 61
484 61
477 142
477 142
474 151
474 151
468 186
468 186
467 190
467 190
466 213
466 213
459 226
459 226
457 235
457 235
453 249
453 249
451 268
451 268
438 306
438 306
433 307
433 307
423 323
423 323
408 356
408 356
387 358
387 358
370 363
370 363
355 365
355 365
349 374
349 374
330 399
330 399
327 411
327 411
319 415
319 415
284 428
284 428
268 444
268 444
221 445
221 445
220 446
220 446
197 449
197 449
186 452
186 452
160 480
160 480
142 484
142 484
82 486
82 486

484 26
479 38
479 38
477 126
477 126
467 142
467 142
466 191
466 191
462 199
462 199
447 256
447 256
438 283
438 283
436 296
436 296
408 350
408 350
400 354
400 354
367 361
367 361
364 362
364 362
349 365
349 365
346 370
346 370
304 391
304 391
297 396
297 396
296 408
296 408
290 411
290 411
270 427
270 427
261 444
261 444
182 448
182 448
160 449
160 449
159 453
159 453
139 476
139 476
72 485
72 485

477 42
476 65
476 65
467 141
467 141
446 173
446 173
442 245
442 245
438 272
438 272
424 282
424 282
396 308
396 308
395 313
395 313
393 347
393 347
372 351
372 351
329 355
329 355
327 361
327 361
319 364
319 364
302 390
302 390
294 397
294 397
291 404
291 404
288 407
288 407
265 427
265 427
252 437
252 437
242 442
242 442
179 443
179 443
176 444
176 444
143 447
143 447
135 451
135 451
129 455
129 455
116 460
116 460
102 467
102 467
92 475
92 475
58 480
58 480

477 3
472 31
472 31
467 114
467 114
465 127
465 127
464 134
464 134
456 136
456 136
450 141
450 141
441 157
441 157
438 250
438 250
423 263
423 263
413 281
413 281
393 314
393 314
391 347
391 347
329 349
329 349
298 354
298 354
293 376
293 376
279 386
279 386
267 392
267 392
249 420
249 420
232 428
232 428
230 434
230 434
185 440
185 440
182 441
182 441
151 443
151 443
119 444
119 444
101 451
101 451
79 472
79 472
57 475
57 475
55 476
55 476

470 11
467 19
467 19
465 125
465 125
438 244
438 244
415 261
415 261
397 271
397 271
389 299
389 299
384 329
384 329
371 334
371 334
359 335
359 335
357 340
357 340
274 351
274 351
265 373
265 373
251 380
251 380
249 382
249 382
248 393
248 393
240 395
240 395
235 405
235 405
234 415
234 415
224 429
224 429
200 433
200 433
141 436
141 436
136 440
136 440
118 441
118 441
78 444
78 444
69 466
69 466
65 469
65 469

465 27
456 93
456 93
441 114
441 114
438 226
438 226
434 240
434 240
416 241
416 241
414 245
414 245
401 249
401 249
392 252
392 252
389 279
389 279
388 283
388 283
384 325
384 325
372 329
372 329
352 335
352 335
311 336
311 336
273 345
273 345
265 365
265 365
244 390
244 390
227 404
227 404
194 412
194 412
193 427
193 427
183 428
183 428
179 429
179 429
114 440
114 440
55 461
55 461
35 462
35 462

460 6
449 21
449 21
448 32
448 32
447 82
447 82
435 207
435 207
433 230
433 230
429 237
429 237
414 244
414 244
388 273
388 273
376 302
376 302
372 306
372 306
364 309
364 309
359 320
359 320
354 329
354 329
271 335
271 335
258 357
258 357
254 360
254 360
223 400
223 400
193 401
193 401
181 422
181 422
159 424
159 424
129 425
129 425
111 433
111 433
100 439
100 439
55 441
55 441
54 449
54 449
16 458
16 458

447 7
444 24
444 24
443 54
443 54
439 57
439 57
435 148
435 148
434 157
434 157
431 186
431 186
427 233
427 233
395 239
395 239
390 242
390 242
381 261
381 261
373 269
373 269
370 279
370 279
351 296
351 296
340 298
340 298
337 316
337 316
322 328
322 328
255 339
255 339
247 344
247 344
239 347
239 347
236 352
236 352
213 400
213 400
176 414
176 414
172 415
172 415
169 422
169 422
114 423
114 423
96 432
96 432
48 447
48 447

437 57
433 146
433 146
431 179
431 179
423 232
423 232
410 233
410 233
381 245
381 245
375 261
375 261
361 269
361 269
344 293
344 293
318 309
318 309
307 311
307 311
294 318
294 318
241 340
241 340
236 341
236 341
228 342
228 342
226 350
226 350
195 379
195 379
194 380
194 380
179 385
179 385
169 396
169 396
167 417
167 417
141 419
141 419
96 431
96 431
45 434
45 434
44 445
44 445

433 145
424 146
424 146
423 210
423 210
415 213
415 213
413 225
413 225
377 230
377 230
366 239
366 239
365 250
365 250
362 261
362 261
354 269
354 269
313 303
313 303
306 304
306 304
305 309
305 309
278 315
278 315
248 316
248 316
231 335
231 335
189 371
189 371
187 378
187 378
179 380
179 380
159 414
159 414
158 417
158 417
131 419
131 419
52 425
52 425
29 445
29 445

430 31
429 34
429 34
428 118
428 118
422 176
422 176
413 203
413 203
404 215
404 215
395 223
395 223
361 250
361 250
352 269
352 269
307 301
307 301
237 306
237 306
229 320
229 320
182 328
182 328
181 357
181 357
163 378
163 378
154 380
154 380
152 388
152 388
143 398
143 398
115 416
115 416
22 438
22 438
3 444
3 444

427 58
426 117
426 117
416 134
416 134
413 185
413 185
376 201
376 201
363 203
363 203
361 238
361 238
354 239
354 239
348 267
348 267
302 298
302 298
284 301
284 301
234 302
234 302
220 313
220 313
206 316
206 316
180 339
180 339
165 357
165 357
162 363
162 363
148 376
148 376
145 387
145 387
130 392
130 392
123 394
123 394
109 395
109 395
107 407
107 407
96 408
96 408
24 414
24 414
21 424
21 424
9 438
9 438

424 83
406 152
406 152
399 182
399 182
364 191
364 191
351 232
351 232
348 238
348 238
346 250
346 250
345 255
345 255
344 267
344 267
300 280
300 280
293 288
293 288
282 292
282 292
274 296
274 296
262 299
262 299
236 301
236 301
207 313
207 313
182 315
182 315
175 336
175 336
149 351
149 351
144 366
144 366
143 372
143 372
128 386
128 386
122 392
122 392
101 398
101 398
59 405
59 405
23 413
23 413
21 420
21 420
5 429
5 429

423 67
414 75
414 75
406 135
406 135
388 169
388 169
376 177
376 177
358 191
358 191
348 221
348 221
343 249
343 249
321 263
321 263
317 264
317 264
285 280
285 280
257 291
257 291
255 298
255 298
178 304
178 304
177 305
177 305
175 307
175 307
168 323
168 323
147 324
147 324
146 348
146 348
143 356
143 356
134 359
134 359
117 389
117 389
63 397
63 397
59 399
59 399
40 401
40 401
15 413
15 413
12 415
12 415

423 43
421 52
421 52
412 66
412 66
406 117
406 117
389 126
389 126
387 139
387 139
386 146
386 146
382 163
382 163
372 167
372 167
362 170
362 170
357 181
357 181
347 219
347 219
337 220
337 220
335 247
335 247
287 256
287 256
271 271
271 271
270 278
270 278
239 286
239 286
222 298
222 298
160 306
160 306
157 316
157 316
155 320
155 320
139 328
139 328
136 345
136 345
119 346
119 346
113 389
113 389
60 391
60 391
49 399
49 399
36 400
36 400
27 401
27 401
2 407
2 407

422 42
406 65
406 65
404 85
404 85
389 89
389 89
387 94
387 94
382 102
382 102
373 117
373 117
369 164
369 164
361 170
361 170
350 172
350 172
344 194
344 194
339 195
339 195
337 213
337 213
313 243
313 243
269 255
269 255
268 256
268 256
267 262
267 262
254 263
254 263
241 268
241 268
234 278
234 278
210 298
210 298
153 299
153 299
137 314
137 314
123 339
123 339
100 389
100 389
1 404
1 404

422 30
403 38
403 38
400 52
400 52
386 92
386 92
369 159
369 159
366 161
366 161
355 162
355 162
337 186
337 186
305 237
305 237
280 243
280 243
257 262
257 262
235 263
235 263
231 272
231 272
228 273
228 273
206 280
206 280
187 282
187 282
181 287
181 287
153 296
153 296
132 306
132 306
123 337
123 337
97 380
97 380
95 381
95 381
87 385
87 385
72 387
72 387

417 6
416 24
416 24
391 52
391 52
384 80
384 80
369 139
369 139
350 149
350 149
346 151
346 151
318 170
318 170
304 196
304 196
294 201
294 201
289 211
289 211
265 215
265 215
260 226
260 226
258 233
258 233
250 247
250 247
249 256
249 256
209 267
209 267
186 271
186 271
182 273
182 273
157 280
157 280
135 288
135 288
130 296
130 296
121 315
121 315
117 332
117 332
93 336
93 336
86 339
86 339
80 357
80 357
73 375
73 375
69 385
69 385
39 387
39 387

396 8
394 24
394 24
386 46
386 46
383 55
383 55
375 74
375 74
369 99
369 99
366 130
366 130
365 134
365 134
350 135
350 135
324 141
324 141
320 151
320 151
313 160
313 160
300 183
300 183
286 209
286 209
249 218
249 218
243 225
243 225
240 245
240 245
209 264
209 264
198 266
198 266
173 268
173 268
153 276
153 276
144 278
144 278
123 291
123 291
118 295
118 295
112 328
112 328
99 329
99 329
85 337
85 337
72 363
72 363
66 375
66 375
63 380
63 380
7 386
7 386

387 24
371 54
371 54
370 73
370 73
365 133
365 133
323 139
323 139
320 145
320 145
314 150
314 150
299 174
299 174
297 177
297 177
295 182
295 182
282 209
282 209
241 220
241 220
232 233
232 233
227 241
227 241
200 246
200 246
188 255
188 255
171 257
171 257
144 275
144 275
124 276
124 276
114 279
114 279
111 297
111 297
96 307
96 307
90 329
90 329
83 332
83 332
59 366
59 366
52 368
52 368
49 377
49 377

385 5
373 10
373 10
368 32
368 32
365 129
365 129
361 131
361 131
312 142
312 142
305 143
305 143
293 163
293 163
292 171
292 171
280 207
280 207
260 209
260 209
226 224
226 224
203 234
203 234
195 238
195 238
181 245
181 245
179 247
179 247
142 259
142 259
141 269
141 269
111 280
111 280
92 284
92 284
75 294
75 294
67 329
67 329
58 344
58 344
50 363
50 363
49 371
49 371
33 375
33 375

366 23
365 101
365 101
361 118
361 118
324 122
324 122
311 126
311 126
309 136
309 136
295 142
295 142
287 161
287 161
280 196
280 196
278 203
278 203
274 205
274 205
216 213
216 213
186 216
186 216
181 239
181 239
150 243
150 243
134 256
134 256
76 257
76 257
69 270
69 270
65 296
65 296
56 312
56 312
55 316
55 316
52 327
52 327
40 365
40 365
11 369
11 369

357 86
354 112
354 112
313 118
313 118
298 127
298 127
295 141
295 141
285 161
285 161
279 172
279 172
277 185
277 185
272 186
272 186
238 201
238 201
232 205
232 205
215 210
215 210
180 216
180 216
178 227
178 227
147 233
147 233
138 235
138 235
133 245
133 245
128 256
128 256
64 269
64 269
63 296
63 296
47 301
47 301
30 364
30 364
10 366
10 366

352 78
345 85
345 85
334 111
334 111
293 128
293 128
281 152
281 152
276 170
276 170
266 175
266 175
260 177
260 177
235 189
235 189
227 191
227 191
222 195
222 195
218 201
218 201
198 206
198 206
172 210
172 210
163 219
163 219
141 228
141 228
139 232
139 232
127 248
127 248
120 253
120 253
85 254
85 254
80 255
80 255
61 295
61 295
25 306
25 306
22 362
22 362

349 48
346 62
346 62
342 80
342 80
332 86
332 86
319 100
319 100
303 104
303 104
275 144
275 144
273 167
273 167
211 175
211 175
177 185
177 185
166 194
166 194
163 218
163 218
132 223
132 223
127 243
127 243
115 250
115 250
112 253
112 253
56 291
56 291
25 293
25 293
20 362
20 362

341 31
334 35
334 35
330 67
330 67
324 82
324 82
297 93
297 93
274 143
274 143
271 164
271 164
233 165
233 165
202 173
202 173
194 175
194 175
166 189
166 189
153 196
153 196
148 217
148 217
112 246
112 246
56 279
56 279
48 290
48 290
17 335
17 335
9 355
9 355
5 361
5 361

341 6
329 31
329 31
320 41
320 41
316 48
316 48
308 82
308 82
297 91
297 91
273 96
273 96
268 154
268 154
250 160
250 160
238 163
238 163
182 172
182 172
165 181
165 181
143 217
143 217
110 237
110 237
106 239
106 239
105 241
105 241
62 244
62 244
55 245
55 245
53 269
53 269
46 270
46 270
24 271
24 271
16 333
16 333
2 352
2 352

338 2
327 7
327 7
323 29
323 29
306 53
306 53
302 59
302 59
297 66
297 66
295 68
295 68
293 87
293 87
261 154
261 154
215 159
215 159
170 170
170 170
146 172
146 172
143 196
143 196
102 207
102 207
101 219
101 219
91 239
91 239
52 268
52 268
14 284
14 284
9 291
9 291
6 332
6 332

325 4
306 10
306 10
304 24
304 24
303 37
303 37
300 38
300 38
292 75
292 75
260 154
260 154
193 158
193 158
140 178
140 178
135 192
135 192
126 196
126 196
100 217
100 217
91 225
91 225
89 230
89 230
72 238
72 238
52 260
52 260
11 267
11 267
9 276
9 276
5 322
5 322

298 3
293 14
293 14
283 65
283 65
259 116
259 116
257 140
257 140
247 154
247 154
134 192
134 192
97 193
97 193
93 204
93 204
85 221
85 221
47 234
47 234
41 260
41 260
7 272
7 272

281 25
275 53
275 53
274 56
274 56
268 61
268 61
257 127
257 127
245 137
245 137
242 152
242 152
131 153
131 153
126 174
126 174
110 187
110 187
109 191
109 191
75 195
75 195
56 220
56 220
43 233
43 233
41 245
41 245
32 248
32 248
25 253
25 253
6 262
6 262

275 16
263 22
263 22
257 37
257 37
255 120
255 120
244 121
244 121
231 144
231 144
192 150
192 150
99 189
99 189
56 196
56 196
39 239
39 239
27 248
27 248

256 7
252 97
252 97
249 120
249 120
231 130
231 130
219 144
219 144
184 145
184 145
151 147
151 147
132 149
132 149
99 180
99 180
80 188
80 188
39 238
39 238
12 240
12 240

252 45
251 95
251 95
233 110
233 110
225 115
225 115
221 126
221 126
219 129
219 129
217 133
217 133
196 143
196 143
129 148
129 148
98 157
98 157
79 173
79 173
75 174
75 174
63 185
63 185
38 188
38 188
32 201
32 201
31 229
31 229
28 233
28 233
5 234
5 234

249 46
244 77
244 77
240 81
240 81
234 91
234 91
224 112
224 112
217 121
217 121
215 127
215 127
211 131
211 131
183 139
183 139
128 147
128 147
92 154
92 154
73 173
73 173
61 184
61 184
30 210
30 210
28 231
28 231

247 8
243 45
243 45
241 54
241 54
230 77
230 77
222 99
222 99
213 111
213 111
208 121
208 121
180 124
180 124
152 132
152 132
134 139
134 139
116 140
116 140
80 150
80 150
67 154
67 154
48 167
48 167
47 184
47 184
26 205
26 205
7 229
7 229

237 50
223 53
223 53
221 95
221 95
207 119
207 119
153 120
153 120
136 122
136 122
110 131
110 131
106 134
106 134
73 145
73 145
45 177
45 177
13 189
13 189

231 49
220 88
220 88
212 91
212 91
207 103
207 103
185 117
185 117
90 129
90 129
36 138
36 138
31 169
31 169
30 175
30 175
11 189
11 189

226 44
219 70
219 70
207 101
207 101
159 106
159 106
127 111
127 111
120 117
120 117
85 123
85 123
80 124
80 124
75 126
75 126
68 127
68 127
35 134
35 134
30 158
30 158

220 8
219 61
219 61
204 74
204 74
177 76
177 76
172 92
172 92
161 97
161 97
148 101
148 101
120 109
120 109
55 114
55 114
45 117
45 117
30 154
30 154

219 16
218 49
218 49
214 54
214 54
210 61
210 61
202 73
202 73
183 74
183 74
158 79
158 79
148 80
148 80
147 100
147 100
139 101
139 101
115 102
115 102
26 137
26 137
21 139
21 139
15 150
15 150

218 48
200 52
200 52
199 57
199 57
194 59
194 59
177 60
177 60
164 62
164 62
140 65
140 65
138 74
138 74
135 85
135 85
124 90
124 90
120 101
120 101
79 102
79 102
25 120
25 120
17 136
17 136

215 2
211 36
211 36
198 55
198 55
171 57
171 57
129 83
129 83
111 99
111 99
96 101
96 101
24 118
24 118
5 130
5 130

198 52
161 55
161 55
124 79
124 79
106 88
106 88
84 92
84 92
72 97
72 97
23 111
23 111

197 29
193 39
193 39
188 45
188 45
156 54
156 54
128 55
128 55
121 63
121 63
110 76
110 76
102 87
102 87
78 88
78 88
36 95
36 95
12 101
12 101

192 31
188 38
188 38
183 39
183 39
174 43
174 43
118 62
118 62
107 65
107 65
102 68
102 68
88 78
88 78
53 79
53 79
35 86
35 86
24 94
24 94
12 97
12 97

174 28
155 37
155 37
107 59
107 59
84 66
84 66
75 68
75 68
73 71
73 71
57 72
57 72
35 77
35 77
22 89
22 89
17 94
17 94

146 18
141 34
141 34
104 51
104 51
94 54
94 54
83 59
83 59
76 64
76 64
47 69
47 69
22 81
22 81
18 83
18 83

138 10
136 34
136 34
82 57
82 57
54 58
54 58
29 67
29 67
7 75
7 75

136 23
124 34
124 34
79 37
79 37
51 40
51 40
39 45
39 45
35 51
35 51
28 62
28 62
9 63
9 63
5 68
5 68

125 15
123 16
123 16
110 25
110 25
109 32
109 32
31 47
31 47
13 51
13 51
2 54
2 54

105 21
96 28
96 28
21 38
21 38
19 46
19 46
12 47
12 47

105 5
102 12
102 12
83 21
83 21
81 27
81 27
10 45
10 45

84 7
76 9
76 9
72 21
72 21
53 23
53 23
47 27
47 27
4 38
4 38

72 2
70 9
70 9
67 14
67 14
23 21
23 21

45 10
38 12
38 12
3 14
3 14

43 4

4 3

